327527482 327527542
327527482 327527542
327527482 327527542
327527482 327527542
327527482 327527542
327527482 327527542
327527482 327527542
327527482 327527542
327527482 327527542
327527482 327527542
1 fragments: 0 ticks.
4096464574 4096464634
4096464574 4096464634
4096464574 4096464634
4096464574 4096464634
4096464574 4096464634
4096464574 4096464634
4096464574 4096464634
4096464574 4096464634
4096464574 4096464634
4096464574 4096464634
2 fragments: 0 ticks.
3291666090 3291666180
3291666090 3291666180
3291666090 3291666180
3291666090 3291666180
3291666090 3291666180
3291666090 3291666180
3291666090 3291666180
3291666090 3291666180
3291666090 3291666180
3291666090 3291666180
3 fragments: 0 ticks.
2450018846 2450018936
2450018846 2450018936
2450018846 2450018936
2450018846 2450018936
2450018846 2450018936
2450018846 2450018936
2450018846 2450018936
2450018846 2450018936
2450018846 2450018936
2450018846 2450018936
4 fragments: 0 ticks.
1546733062 1546733152
1546733062 1546733152
1546733062 1546733152
1546733062 1546733152
1546733062 1546733152
1546733062 1546733152
1546733062 1546733152
1546733062 1546733152
1546733062 1546733152
1546733062 1546733152
5 fragments: 0 ticks.
587055858 587055948
587055858 587055948
587055858 587055948
587055858 587055948
587055858 587055948
587055858 587055948
587055858 587055948
587055858 587055948
587055858 587055948
587055858 587055948
6 fragments: 0 ticks.
4086129990 4086130080
4086129990 4086130080
4086129990 4086130080
4086129990 4086130080
4086129990 4086130080
4086129990 4086130080
4086129990 4086130080
4086129990 4086130080
4086129990 4086130080
4086129990 4086130080
7 fragments: 0 ticks.
3663318296 3663318386
3663318296 3663318386
3663318296 3663318386
3663318296 3663318386
3663318296 3663318386
3663318296 3663318386
3663318296 3663318386
3663318296 3663318386
3663318296 3663318386
3663318296 3663318386
8 fragments: 0 ticks.
3544376062 3544376152
3544376062 3544376152
